       1     256      56      33      49   31.79     130      49   38.45
       2     117      39      33      44   44.83     130      57   52.45
       3     472    89.9      33      33    54.9     131       2   45.45
       4     456    41.2      33      48   27.79     130      47   26.51
       5      46      37      33      55   27.73     130      44   29.46
       6     421    64.4      33      30    13.9     130      40    8.53
       7     504    76.6      33      29   34.91     130      48   53.51
       8     504    38.2      33      42    55.8     130      33    7.59
       9     120    41.2      33      40   30.82     130      28   38.59
      10     330    38.3      33      34   58.86     130      32   53.53
      11      63    67.5      33      42   27.81     130      29    21.6
      12      10    36.4      33      34   27.67     130      15   44.52
      13     457    55.4      33      30    5.88     130      22   15.65
      14      58    22.9      34      23    0.46     129      21   14.86
      15      79    16.4      33      45   15.72     129      42   33.77
      16     493    75.1      33      26   54.92     130      43   51.55
      17     716    95.6      33      11   37.02     130      49    7.52
      18     370    86.8      33      24     7.9     130      28   17.63
      19     200      44      33       3   33.04     130      30    2.64
      20      80      50      33       2   26.05     130      33   38.63
      21       5     105      33      14   48.97     130      23   20.65
      22     739      51      33      21    14.9     130       8   45.75
      23     806    65.9      33      22   21.88     130       4   52.81
      24     580      64      33      23   30.92     130      24   32.65
      25      32    86.6      33      30   56.83     129      50    40.8
      26      59    18.5      33      22    8.89     129      57   42.79
      27      21      18      33      17    6.98     130       8    11.6
      28     110      38      33      15    5.95     129      56    52.8
      29       4   129.6      33      18   25.91     129      49   23.84
      30     530    43.3      33       1    3.49     130       0   57.48
      31     236      36      32      47   53.45     130      12   25.46
      32     305      39      32      42   26.14     130      13   13.76
      33     150    37.3      32      57   36.05     130       0   52.79
      34     111    53.2      32      55   45.03     129      40   46.89
      35     200    39.9      32      47    30.1     129      58   43.81
      36     350    48.9      32      44   53.11     129      55   12.82
      37     392    60.5      32      53   55.05     129      42   48.88
      38      40    23.5      32      49      57     129      46      42
      39     108    25.5      32      48    46.1     130       6   38.75
      40     175      12      32      46   59.12     130      21    51.7
      41     180      36      32      54      40     129       5    4.05
      42      97    34.8      32      52      25     128      58   20.08
      43     657    44.4      33      13    2.94     129      48   34.78
      44      80    25.5      33      10   46.95     129      43   40.86
      45      39    25.9      33      21   27.86     129      34   39.88
      46     325    54.3      33       0   38.18     131      52    5.18
      47      86    89.8      33       7    3.11     131      39   27.28
      48      65    80.1      33       6    55.1     131      39   20.25
      49    1118      80      33      10   35.05     131      16    17.4
      50       4    33.5      33      31   23.96     131      43    53.2
      51      88    46.4      33      26   50.97     131      30    12.3
      52     243    32.8      33      29   21.95     131      15   54.38
      53     621    34.8      33      19   53.02     131      21   48.36
      54     825    44.3      33      17   10.02     131      24   45.35
      55     191      36      33      14   15.08     131      51    51.2
      56     462      51      33       6    38.1     131      30   59.33
      57     229    33.2      33       2   55.12     131      31   46.29
      58     559    90.4      33      19      56     131       9    26.4
      59     557    83.1      33      25   24.96     131       7   49.39
      60     452    48.9      33      13   33.03     130      58   19.48
      61      88    58.3      32      56    11.1     130      41   17.58
      62     520    87.7      33       4   15.06     130      52   13.52
      63     600    37.8      32      40    52.2     131       7    7.48
      64     535      15      32      49    3.15     131       7   14.45
      65     700    28.8      32      44   47.17     131       2   17.49
      66     640    28.8      32      50    1.14     130      57    5.54
      67     360    46.3      32      35   40.22     130      46   40.58
      68     715    40.3      32      27   47.24     130      42   33.66
      69     358      71      32      30   47.24     130      40    3.64
      70     521    31.6      32      12   39.32     130      28   38.76
      71      96    36.9      32      18    5.27     130       4   36.86
      72     150    29.9      32      38   18.19     130      31   33.66
      73       3     124      32      25   14.13     130      12   58.43
      74      28      80      32      31   28.21     130      27   32.73
      75      49   194.5      32      32   30.21     130      27   55.69
      76       0   130.9      32      36   49.19     130      30   30.71
      77     865      40      32      22   14.28     130      43   18.65
      78     460      40      32       8   19.37     130      43   57.65
      79     640    31.6      32      14   27.32     130      34   51.69
      80     305      29      32      21    5.32     131       0   47.57
      81     220    47.7      31      53    3.48     131       2   19.64
      82     374    53.9      31      54   35.48     131       6   53.58
      83     230    47.9      31      55   22.49     131      17    2.55
      84     547      15      32      18   37.34     131       8   10.54
      85     626      21      32      11   26.41     131      16   45.47
      86     630    80.2      32       9   48.41     131      19     4.5
      87      62      36      32       4   14.46     131      27   32.51
      88     249    56.9      31      57   48.46     131       2    7.61
      89      23    36.8      31      55    58.5     131      21   38.53
      90     375    49.4      31      43   22.53     130      56    36.7
      91       6    16.7      31      36   17.61     131      22   53.57
      92     940    48.4      32      37   11.24     131      17   44.41
      93     121    43.8      32      25    9.33     131      29    54.4
      94     110      25      32      33   11.31     131      39   26.35
      95      63    41.5      32      15    23.4     131      32   32.38
      96    1070    32.8      32      26    19.3     131      12   37.51
      97      35      39      32       4   40.36     130      15   15.82
      98      35      42      32       0    3.38     130      12    5.87
      99     684    35.5      32       5    12.4     130      41   32.69
     100      10      49      31      52   13.42     130      12   40.86
     101     204    49.2      31      52   46.43     130      14   39.84
     102     400      39      31      56   39.43     130      36   41.72
     103      97    70.5      31      49   31.45     130      11   39.83
     104     102    43.3      31      44    7.48     130      19   30.81
     105     192      34      31      24   43.62     130      30   31.86
     106      18    25.5      31      16   32.66     130      17   43.92
     107     268      43      31      13    34.7     130      31   50.85
     108      88      31      31      12    43.7     130      34   33.83
     109     220    47.2      31      50    6.48     130      45    50.7
     110     500    45.7      31      48    12.5     130      53   12.68
     111      67      42      31      46    3.51     130      46   11.74
     112     100    41.5      31      46   43.49     130      33   16.77
     113     132      36      31      38   17.53     130      23   41.85
     114       4      26      30      27   54.99     130      51   35.89
     115       3      29      28      23   15.58     129      30   10.49
     116      66      39      31      24    4.66     130      54   59.74
     117      29      24      31      28   49.62     130      45    2.75
     118     199    49.2      31      32   27.61     130      57   19.71
     119     117      42      31      28   18.65     131      12   32.61
     120      21    33.5      31      22   38.67     130      51   12.77
     121     170      36      31      12   34.72     130      48   21.78
     122   337.8    44.2      33      15   43.92     129      49   26.86
     123     480    40.3      32      58    8.89     130       0   28.43
*左から番号、標高、地上高、緯度（度、分、秒）、経度（度、分、秒）
